   21.8139931724026        18.9000000238419      -8.003622464667408E-002
   21.8139931724026        20.9000000238419      -8.011279296432552E-002
   21.8125994628654        18.8000000476837      -7.998978389655570E-002
   21.8125994628654        20.8000000476837      -8.009642740973968E-002
   21.8108321258198        18.7000000715256      -7.993912238448757E-002
   21.8108321258198        20.7000000715256      -8.007567455549201E-002
   21.8086959160185        18.6000000953674      -7.988433663131078E-002
   21.8086959160185        20.6000000953674      -8.005059023399196E-002
   21.8061957232789        18.5000001192093      -7.982552400409018E-002
   21.8061957232789        20.5000001192093      -8.002123186364322E-002
   21.8033365677655        18.4000001430511      -7.976278263692657E-002
   21.8033365677655        20.4000001430511      -7.998765839343867E-002
   21.8001235952093        18.3000001668930      -7.969621135211553E-002
   21.8001235952093        20.3000001668930      -7.994993024682978E-002
   21.7965620720712        18.2000001907348      -7.962590958173123E-002
   21.7965620720712        20.2000001907348      -7.990810926493522E-002
   21.7926573806553        18.1000002145767      -7.955197728971178E-002
   21.7926573806553        20.1000002145767      -7.986225864915228E-002
   21.7884150141760        18.0000002384185      -7.947451489452137E-002
   21.7884150141760        20.0000002384185      -7.981244290323555E-002
   21.7838405717851        17.9000002622604      -7.941746929294846E-002
   21.7838405717851        19.9000002622604      -7.975426831117016E-002
   21.7787989697500        17.8000002861022      -7.935520644958641E-002
   21.7787989697500        19.8000002861022      -7.969066547897091E-002
   21.7732942881523        17.7000003099441      -7.928778184625629E-002
   21.7732942881523        19.7000003099441      -7.962169023120096E-002
   21.7673306892118        17.6000003337859      -7.921525183887741E-002
   21.7673306892118        19.6000003337859      -7.954739925151154E-002
   21.7609124156796        17.5000003576278      -7.913767357938427E-002
   21.7609124156796        19.5000003576278      -7.946785007217722E-002
   21.7540437895357        17.4000003814696      -7.905510499832633E-002
   21.7540437895357        19.4000003814696      -7.938310105655633E-002
   21.7467292106556        17.3000004053115      -7.896760478717099E-002
   21.7467292106556        19.3000004053115      -7.929321138123280E-002
   21.7389731554462        17.2000004291533      -7.887523238031630E-002
   21.7389731554462        19.2000004291533      -7.919824101784588E-002
   21.7307801754518        17.1000004529952      -7.877804793681917E-002
   21.7307801754518        19.1000004529952      -7.909825071461353E-002
   21.7221548959302        17.0000004768370      -7.867611232184619E-002
   21.7221548959302        19.0000004768370      -7.899330197755637E-002
   21.7131020143994        16.9000005006789      -7.853203895676115E-002
   21.7131020143994        18.9000005006789      -7.886100644948438E-002
   21.7034935390597        16.8000005245207      -7.838285591328290E-002
   21.7034935390597        18.8000005245207      -7.872293273426133E-002
   21.6933399499152        16.7000005483626      -7.822877815208648E-002
   21.6933399499152        18.7000005483626      -7.857926419452733E-002
   21.6826518393577        16.6000005722045      -7.807001920593340E-002
   21.6826518393577        18.6000005722045      -7.843018382284236E-002
   21.6714399036235        16.5000005960463      -7.790679123365370E-002
   21.6714399036235        18.5000005960463      -7.827587423096484E-002
   21.6597149349189        16.4000006198882      -7.773930490361565E-002
   21.6597149349189        18.4000006198882      -7.811651754028985E-002
   21.6474878135702        16.3000006437300      -7.756776928026322E-002
   21.6474878135702        18.3000006437300      -7.795229527432571E-002
   21.6347695002059        16.2000006675719      -7.739239171378574E-002
   21.6347695002059        18.2000006675719      -7.778338825328207E-002
   21.6215710279767        16.1000006914137      -7.721337773297872E-002
   21.6215710279767        18.1000006914137      -7.760997649083703E-002
   21.6079034948213        16.0000007152556      -7.703093094135170E-002
   21.6079034948213        18.0000007152556      -7.743223909315015E-002
   21.5937780557830        15.9000007390974      -7.684327846126651E-002
   21.5937780557830        17.9000007390974      -7.726841806778950E-002
   21.5789272720660        15.8000007629393      -7.664864396750376E-002
   21.5789272720660        17.8000007629393      -7.709659124354507E-002
   21.5633552973287        15.7000007867811      -7.644712603353007E-002
   21.5633552973287        17.7000007867811      -7.691682008650913E-002
   21.5470662851672        15.6000008106230      -7.623882280441749E-002
   21.5470662851672        17.6000008106230      -7.672916608219869E-002
   21.5300643871220        15.5000008344648      -7.602383198653218E-002
   21.5300643871220        17.5000008344648      -7.653369058079071E-002
   21.5123537526678        15.4000008583067      -7.580225084768824E-002
   21.5123537526678        17.4000008583067      -7.633045479707967E-002
   21.4939385292035        15.3000008821485      -7.557417621730210E-002
   21.4939385292035        17.3000008821485      -7.611951981043451E-002
   21.4748228620425        15.2000009059904      -7.533970448654725E-002
   21.4748228620425        17.2000009059904      -7.590094656475466E-002
   21.4550108944019        15.1000009298322      -7.509893160850922E-002
   21.4550108944019        17.1000009298322      -7.567479586842531E-002
   21.4345067673925        15.0000009536741      -7.485195309834142E-002
   21.4345067673925        17.0000009536741      -7.544112839427204E-002
   21.4133146200082        14.9000008583077      -7.455812904345104E-002
   21.4133146200082        16.9000008583077      -7.517829978066705E-002
   21.3912463291651        14.8000007629402      -7.425082429197755E-002
   21.3912463291651        16.8000007629402      -7.490823330863249E-002
   21.3683162490879        14.7000006675727      -7.392993277711110E-002
   21.3683162490879        16.7000006675727      -7.463124384974014E-002
   21.3445387886444        14.6000005722051      -7.359535433853137E-002
   21.3445387886444        16.6000005722051      -7.434764325672583E-002
   21.3199284045520        14.5000004768376      -7.324699503881744E-002
   21.3199284045520        16.5000004768376      -7.405774049051403E-002
   21.2944995964919        14.4000003814701      -7.288476713338772E-002
   21.2944995964919        16.4000003814701      -7.376184155282701E-002
   21.2682669022345        14.3000002861026      -7.250858903767267E-002
   21.2682669022345        16.3000002861026      -7.346024942066096E-002
   21.2412448927800        14.2000001907350      -7.211838529155375E-002
   21.2412448927800        16.2000001907350      -7.315326398264833E-002
   21.2134481675153        14.1000000953675      -7.171408652110342E-002
   21.2134481675153        16.1000000953675      -7.284118197732445E-002
   21.1848913493886        14.0000000000000      -7.129562939766276E-002
   21.1848913493886        16.0000000000000      -7.252429693331484E-002
   21.1555890801059        13.9000000238419      -7.089359083045579E-002
   21.1555890801059        15.9000000238419      -7.218595506862545E-002
   21.1256411814954        13.8000000476837      -7.048894409353466E-002
   21.1256411814954        15.8000000476837      -7.184223841282376E-002
   21.0950898282498        13.7000000715256      -7.008231310777223E-002
   21.0950898282498        15.7000000715256      -7.149364172600482E-002
   21.0639758202622        13.6000000953674      -6.967429319887347E-002
   21.0639758202622        15.6000000953674      -7.114064102487998E-002
   21.0323386082393        13.5000001192093      -6.926545192377655E-002
   21.0323386082393        15.5000001192093      -7.078369402499243E-002
   21.0002163197185        13.4000001430511      -6.885632988927970E-002
   21.0002163197185        15.4000001430511      -7.042324058331348E-002
   20.9647220877054        13.3000001668930      -6.844962624343601E-002
   20.9647220877054        15.3000001668930      -7.003206640939494E-002
   20.9285036386406        13.2000001907348      -6.803516478425867E-002
   20.9285036386406        15.2000001907348      -6.963498073252178E-002
   20.8916009822072        13.1000002145767      -6.761308907635052E-002
   20.8916009822072        15.1000002145767      -6.923242695711664E-002
   20.8540327596000        13.0000002384185      -6.718356007410831E-002
   20.8540327596000        15.0000002384185      -6.882464326604071E-002
   20.8158175957629        12.9000002622604      -6.677990563139324E-002
   20.8158175957629        14.9000002622604      -6.832553800813577E-002
   20.7765125456256        12.8000002861022      -6.636414307484301E-002
   20.7765125456256        14.8000002861022      -6.781934733128955E-002
   20.7361697895453        12.7000003099441      -6.593673783361378E-002
   20.7361697895453        14.7000003099441      -6.730677537722987E-002
   20.6948406413821        12.6000003337859      -6.549815023623083E-002
   20.6948406413821        14.6000003337859      -6.678850624546082E-002
   20.6525755250665        12.5000003576278      -6.504883512490740E-002
   20.6525755250665        14.5000003576278      -6.626520419591228E-002
   20.6094239541794        12.4000003814696      -6.458924157722114E-002
   20.6094239541794        14.4000003814696      -6.573751368057065E-002
   20.5654345133526        12.3000004053115      -6.411981264401027E-002
   20.5654345133526        14.3000004053115      -6.520605939972866E-002
   20.5206548414522        12.2000004291533      -6.364098510332504E-002
   20.5206548414522        14.2000004291533      -6.467144638180777E-002
   20.4751316165057        12.1000004529952      -6.315318923024886E-002
   20.4751316165057        14.1000004529952      -6.413426008570663E-002
   20.4289105423323        12.0000004768370      -6.265684858238260E-002
   20.4289105423323        14.0000004768370      -6.359506652463055E-002
   20.3820363368346        11.9000005006789      -6.206768214839687E-002
   20.3820363368346        13.9000005006789      -6.307282415155056E-002
   20.3335985256934        11.8000005245207      -6.146987644690508E-002
   20.3335985256934        13.8000005245207      -6.253414108799629E-002
   20.2836723251011        11.7000005483626      -6.086451805478951E-002
   20.2836723251011        13.7000005483626      -6.197970223278104E-002
   20.2323314256561        11.6000005722045      -6.025265608903539E-002
   20.2323314256561        13.6000005722045      -6.141018106232683E-002
   20.1796479720295        11.5000005960463      -5.963530299384091E-002
   20.1796479720295        13.5000005960463      -6.082623923955557E-002
   20.1256925498034        11.4000006198882      -5.901343498180731E-002
   20.1256925498034        13.4000006198882      -6.022852639436848E-002
   20.0705341747047        11.3000006437300      -5.838799250383257E-002
   20.0705341747047        13.3000006437300      -5.961767992686065E-002
   20.0142402841521        11.2000006675719      -5.775988074570788E-002
   20.0142402841521        13.2000006675719      -5.899432483266404E-002
   19.9500202218929        11.1000006914137      -5.712189712010882E-002
   19.9500202218929        13.1000006914137      -5.837335056893746E-002
   19.8832653691645        11.0000007152556      -5.648465643350473E-002
   19.8832653691645        13.0000007152556      -5.776127669660967E-002
   19.8165373786563        10.9000006198889      -5.586257138431165E-002
   19.8165373786563        12.9000006198889      -5.716759219893249E-002
   19.7479000650212        10.8000005245214      -5.522634758041347E-002
   19.7479000650212        12.8000005245214      -5.655219404644808E-002
   19.6774480248029        10.7000004291539      -5.457682879062075E-002
   19.6774480248029        12.7000004291539      -5.591561758216444E-002
   19.6052738478514        10.6000003337863      -5.391483798175610E-002
   19.6052738478514        12.6000003337863      -5.525839816048349E-002
   19.5314680896878        10.5000002384188      -5.324117712743202E-002
   19.5314680896878        12.5000002384188      -5.458107034768672E-002
   19.4561192608849        10.4000001430513      -5.255662724029237E-002
   19.4561192608849        12.4000001430513      -5.388416738321572E-002
   19.3793138186375        10.3000000476838      -5.186194842287781E-002
   19.3793138186375        12.3000000476838      -5.316822065677252E-002
   19.3011361604875        10.1999999523162      -5.115787993665814E-002
   19.3011361604875        12.1999999523162      -5.243375920162482E-002
   19.2216686201693        10.0999998569487      -5.044514028875863E-002
   19.2216686201693        12.0999998569487      -5.168130920446912E-002
   19.1409914655351        10.0000000000000      -4.972442748820335E-002
   19.1409914655351        12.0000000000000      -5.091139371413869E-002
   19.0591829104430        9.89999978542333      -4.889239234597589E-002
   19.0591829104430        11.8999997854233      -5.015287769488191E-002
   18.9704606177549        9.79999980926518      -4.804968986126636E-002
   18.9704606177549        11.7999998092652      -4.938354291769365E-002
   18.8703380112625        9.69999983310704      -4.720388814418099E-002
   18.8703380112625        11.6999998331070      -4.862089402462861E-002
   18.7691647995019        9.59999985694889      -4.636266472178501E-002
   18.7691647995019        11.5999998569489      -4.785352902082257E-002
   18.6671470373530        9.49999988079074      -4.552758995877340E-002
   18.6671470373530        11.4999998807907      -4.708295468924818E-002
   18.5644782429547        9.39999990463259      -4.470010243353940E-002
   18.5644782429547        11.3999999046326      -4.631057759467866E-002
   18.4613397558310        9.29999992847444      -4.388151497005102E-002
   18.4613397558310        11.2999999284744      -4.553770748095767E-002
   18.3579011102745        9.19999995231630      -4.307302064406050E-002
   18.3579011102745        11.1999999523163      -4.476556074637928E-002
   18.2543204214327        9.09999997615815      -4.227569874081788E-002
   18.2543204214327        11.0999999761581      -4.399526397770720E-002
   18.1507447816648        9.00000000000000      -4.149052064343998E-002
   18.1507447816648        11.0000000000000      -4.322785752450245E-002
   18.0473106648630        8.90000002384185      -4.065651912955823E-002
   18.0473106648630        10.9000000238419      -4.243949179513116E-002
   17.9322552734356        8.80000004768370      -3.977407630905568E-002
   17.9322552734356        10.8000000476837      -4.159987741024682E-002
   17.8100535376682        8.70000007152556      -3.887645410134129E-002
   17.8100535376682        10.7000000715256      -4.074568483181286E-002
   17.6875579740790        8.60000009536741      -3.799351969261314E-002
   17.6875579740790        10.6000000953674      -3.990419218749785E-002
   17.5650677568674        8.50000011920926      -3.712709137801351E-002
   17.5650677568674        10.5000001192093      -3.907736852125563E-002
   17.4428496103941        8.40000014305111      -3.627871837034309E-002
   17.4428496103941        10.4000001430511      -3.826690546943536E-002
   17.3211402431671        8.30000016689297      -3.544970569412498E-002
   17.3211402431671        10.3000001668930      -3.747424225318673E-002
   17.2001486692962        8.20000019073482      -3.464113745868391E-002
   17.2001486692962        10.2000001907348      -3.670058909783087E-002
   17.0800584153391        8.10000021457667      -3.385389855154909E-002
   17.0800584153391        10.1000002145767      -3.594694911343349E-002
   16.9558227747522        8.00000023841852      -3.306948467524801E-002
   16.9558227747522        10.0000002384185      -3.521037895731280E-002
   16.8235342046499        7.90000026226037      -3.226507044473580E-002
   16.8235342046499        9.90000026226037      -3.437432627200827E-002
   16.6874215635934        7.80000028610223      -3.144029364616397E-002
   16.6874215635934        9.80000028610223      -3.352135973649655E-002
   16.5483370675307        7.70000030994408      -3.059969219355892E-002
   16.5483370675307        9.70000030994408      -3.265627456800640E-002
   16.4070267727141        7.60000033378593      -2.974723871750339E-002
   16.4070267727141        9.60000033378593      -3.178324079683136E-002
   16.2641416200558        7.50000035762778      -2.888639937455788E-002
   16.2641416200558        9.50000035762778      -3.090587098097990E-002
   16.1202475378135        7.40000038146963      -2.802018764245657E-002
   16.1202475378135        9.40000038146963      -3.002728160714318E-002
   15.9706695545780        7.30000040531149      -2.715394683158746E-002
   15.9706695545780        9.30000040531149      -2.915395088470330E-002
   15.7974459851968        7.20000042915334      -2.631013601731772E-002
   15.7974459851968        9.20000042915334      -2.831014007043356E-002
   15.6317024478461        7.10000045299519      -2.549844301992182E-002
   15.6317024478461        9.10000045299519      -2.749844707303766E-002
   15.4750821477337        7.00000047683704      -2.472592374466846E-002
   15.4750821477337        9.00000047683704      -2.672592779778431E-002
   15.3286723217233        6.90000044107453      -2.399724875646926E-002
   15.3286723217233        8.90000044107453      -2.599725183006957E-002
   15.1683617947670        6.80000040531173      -2.320888487552554E-002
   15.1683617947670        8.80000040531173      -2.520888792512891E-002
   14.9960615724074        6.70000036954893      -2.237203380455519E-002
   14.9960615724074        8.70000036954893      -2.437203777550899E-002
   14.7778106653115        6.60000033378613      -2.150089870574674E-002
   14.7778106653115        8.60000033378613      -2.350089878580547E-002
   14.5567479510225        6.50000029802333      -2.061982746289404E-002
   14.5567479510225        8.50000029802333      -2.261982491103572E-002
   14.3384000959431        6.40000026226053      -1.974834721132357E-002
   14.3384000959431        8.40000026226053      -2.174834337754879E-002
   14.1269848077054        6.30000022649773      -1.890136025404295E-002
   14.1269848077054        8.30000022649773      -2.090135650178884E-002
   13.9114991968125        6.20000019073493      -1.810295570943078E-002
   13.9114991968125        8.20000019073493      -2.010295380207646E-002
   13.6920603610208        6.10000015497213      -1.738374079534363E-002
   13.6920603610208        8.10000015497213      -1.938374186822262E-002
   13.5002808391957        6.00000011920933      -1.674257501895638E-002
   13.5002808391957        8.00000011920933      -1.874257907206867E-002
   13.3344204358003        5.90000014305111      -1.617455093095460E-002
   13.3344204358003        7.90000014305111      -1.817455498407044E-002
   13.1275373162122        5.80000016689297      -1.549076881552234E-002
   13.1275373162122        7.80000016689297      -1.749077286863818E-002
   12.8489458366384        5.70000019073482      -1.469349116141960E-002
   12.8489458366384        7.70000019073482      -1.669349386400684E-002
   12.4922485753207        5.60000021457667      -1.379677537603580E-002
   12.4922485753207        7.60000021457667      -1.579677337628623E-002
   12.1181140088385        5.50000023841852      -1.286111171902155E-002
   12.1181140088385        7.50000023841852      -1.486110263101835E-002
   11.6946360133644        5.40000026226037      -1.198593761135654E-002
   11.6946360133644        7.40000026226037      -1.398592924341797E-002
   11.2950437876884        5.30000028610223      -1.121678744307615E-002
   11.2950437876884        7.30000028610223      -1.321678534110146E-002
   10.9505631840143        5.20000030994408      -1.055819456770938E-002
   10.9505631840143        7.20000030994408      -1.255819862082522E-002
   10.6254617440702        5.10000033378593      -1.003393100235693E-002
   10.6254617440702        7.10000033378593      -1.203393505547278E-002
   10.3727290595475        5.00000035762778      -9.604109668395658E-003
   10.3727290595475        7.00000035762778      -1.160411372151150E-002
   10.1708081580488        4.90000032186520      -9.240601337929515E-003
   10.1708081580488        6.90000032186520      -1.124060539104536E-002
   9.63020169080864        4.80000028610240      -8.547626500592924E-003
   9.63020169080864        6.80000028610240      -1.054763055370877E-002
   8.73410993331663        4.70000025033960      -7.629939050854266E-003
   8.73410993331663        6.70000025033960      -9.629943103970112E-003
   7.46703197156834        4.60000021457680      -6.702060646602755E-003
   7.46703197156834        6.60000021457680      -8.702064699718600E-003
   6.61513755790871        4.50000017881400      -5.625767513578437E-003
   6.61513755790871        6.50000017881400      -7.625765831794943E-003
   5.83456756420361        4.40000014305120      -4.401589833886397E-003
   5.83456756420361        6.40000014305120      -6.401583938178043E-003
   1.50104506622574        4.30000010728840      -4.301320319888769E-003
   1.50104506622574        6.30000010728840      -6.301313963995153E-003
  0.176840685895560        4.20000007152560      -4.201227498053611E-003
  0.176840685895560        6.20000007152560      -6.201207709313677E-003
 -2.654768875092839E-002   4.10000003576280      -4.101217673192693E-003
 -2.654768875092839E-002   6.10000003576280      -6.101196170112072E-003
 -5.829477843928732E-002   4.00000000000000      -4.001205678972657E-003
 -5.829477843928732E-002   6.00000000000000      -6.001181667085895E-003
 -9.090785966010928E-002   3.90000002384185      -3.901190402805154E-003
 -9.090785966010928E-002   5.90000002384185      -5.901170072169010E-003
 -0.212950204974104        3.80000004768370      -3.801137813841017E-003
 -0.212950204974104        5.80000004768370      -5.801123102226362E-003
 -0.329285171205949        3.70000007152556      -3.701087606181001E-003
 -0.329285171205949        5.70000007152556      -5.701077667093725E-003
 -0.440300829466667        3.60000009536741      -3.601039617909219E-003
 -0.440300829466667        5.60000009536741      -5.601033662822401E-003
 -0.546353856200486        3.50000011920926      -3.500993700208662E-003
 -0.546353856200486        5.50000011920926      -5.500990993468582E-003
 -0.647769736714172        3.40000014305111      -3.400949717276279E-003
 -0.647769736714172        5.40000014305111      -5.400949571478677E-003
 -0.744846101684000        3.30000016689297      -3.300907544930872E-003
 -0.744846101684000        5.30000016689297      -5.300909316791827E-003
 -0.837855644449548        3.20000019073482      -3.200867069395915E-003
 -0.837855644449548        5.20000019073482      -5.200870156055167E-003
 -0.927048679185919        3.10000021457667      -3.100828186232196E-003
 -0.927048679185919        5.10000021457667      -5.100832021935696E-003
  -1.01120385315772        3.00000023841852      -3.000791071126942E-003
  -1.01120385315772        5.00000023841852      -5.000797795450094E-003
  -1.07975257098586        2.90000023245813      -2.900761708955027E-003
  -1.07975257098586        4.90000023245813      -4.900782875120482E-003
  -1.16909162153809        2.80000022649766      -2.800723052787171E-003
  -1.16909162153809        4.80000022649766      -4.800759357579463E-003
  -1.26439489625305        2.70000022053720      -2.700681730403345E-003
  -1.26439489625305        4.70000022053720      -4.700729909191932E-003
  -1.36627969204136        2.60000021457673      -2.600637465850326E-003
  -1.36627969204136        4.60000021457673      -4.600693915715148E-003
  -1.47545215811314        2.50000020861627      -2.500589943454820E-003
  -1.47545215811314        4.50000020861627      -4.500650674908297E-003
  -1.59272321002807        2.40000020265580      -2.400538800709320E-003
  -1.59272321002807        4.40000020265580      -4.400599380344017E-003
  -1.71902870736090        2.30000019669534      -2.300483619251997E-003
  -1.71902870736090        4.30000019669534      -4.300539101342384E-003
  -1.85545448159444        2.20000019073487      -2.200423913678350E-003
  -1.85545448159444        4.20000019073487      -4.200468758081493E-003
  -2.00265502299934        2.10000018477441      -2.100360032327841E-003
  -2.00265502299934        4.10000018477441      -4.100388473314009E-003
  -2.11347394828290        2.00000017881394      -2.000338187286419E-003
  -2.11347394828290        4.00000017881394      -4.000365912954617E-003
  -2.20212668001801        1.90000017285348      -1.900318596541031E-003
  -2.20212668001801        3.90000017285348      -3.900360599884395E-003
  -2.29077902468955        1.80000016689302      -1.800299534281454E-003
  -2.29077902468955        3.80000016689302      -3.800352116392752E-003
  -2.40159417993968        1.70000016093255      -1.700276575059340E-003
  -2.40159417993968        3.70000016093255      -3.700339273540843E-003
  -2.54407065717258        1.60000015497209      -1.600248048712810E-003
  -2.54407065717258        3.60000015497209      -3.600320203036577E-003
  -2.73403899963663        1.50000014901162      -1.500211171700892E-003
  -2.73403899963663        3.50000014901162      -3.500291791073749E-003
  -2.99999404363423        1.40000014305116      -1.400160933675147E-003
  -2.99999404363423        3.40000014305116      -3.400248432826482E-003
  -3.18181776488450        1.30000013709069      -1.300153002433946E-003
  -3.18181776488450        3.30000013709069      -3.300228852060457E-003
  -3.31168801306174        1.20000013113023      -1.200146775292187E-003
  -3.31168801306174        3.20000013113023      -3.200209271933482E-003
  -3.40909068484768        1.10000012516976      -1.100141612520700E-003
  -3.40909068484768        3.10000012516976      -3.100189691806506E-003
  -3.48484831024895        1.00000011920930      -1.000137159329237E-003
  -3.48484831024895        3.00000011920930      -3.000170111679530E-003
  -3.54545440551494       0.900000113248832      -9.001201982074181E-004
  -3.54545440551494        2.90000011324883      -2.900166787346774E-003
  -3.60606043926071       0.800000107288367      -8.001039595533826E-004
  -3.60606043926071        2.80000010728837      -2.800163101793478E-003
  -3.68181795568396       0.700000101327902      -7.000878112104019E-004
  -3.68181795568396        2.70000010132790      -2.700158919535284E-003
  -3.77922045719610       0.600000095367437      -6.000717918823343E-004
  -3.77922045719610        2.60000009536744      -2.600154027698808E-003
  -3.90909042080130       0.500000089406972      -5.000559660766911E-004
  -3.90909042080130        2.50000008940697      -2.500148071495349E-003
  -4.16666579573588       0.400000083446508      -4.000426173298928E-004
  -4.16666579573588        2.40000008344651      -2.400142037872404E-003
  -4.44444423058514       0.300000077486043      -3.000319779001660E-004
  -4.44444423058514        2.30000007748604      -2.300137358907510E-003
  -4.64285699777353       0.200000071525578      -2.000213384704394E-004
  -4.64285699777353        2.20000007152558      -2.200132679942616E-003
  -4.79166656577337       0.100000065565113      -1.000106990407130E-004
  -4.79166656577337        2.10000006556511      -2.100128000977722E-003
  -4.90740733650424       5.960464832810430E-008 -5.961098636968506E-011
  -4.90740733650424        2.00000005960465      -2.000123322012829E-003
  -4.99999995032945      -9.999994635581655E-002  0.000000000000000E+000
  -4.99999995032945        1.90000005364418      -1.900121623278575E-003
  -5.00000000000000      -0.199999952316281       0.000000000000000E+000
  -5.00000000000000        1.80000004768372      -1.800119924546098E-003
  -5.00000000000000      -0.299999958276746       0.000000000000000E+000
  -5.00000000000000        1.70000004172325      -1.700118225813621E-003
  -5.00000000000000      -0.399999964237211       0.000000000000000E+000
  -5.00000000000000        1.60000003576279      -1.600116527081143E-003
  -5.00000000000000      -0.499999970197676       0.000000000000000E+000
  -5.00000000000000        1.50000002980232      -1.500114828348666E-003
  -5.00000000000000      -0.599999976158141       0.000000000000000E+000
  -5.00000000000000        1.40000002384186      -1.400113129616189E-003
  -5.00000000000000      -0.699999982118606       0.000000000000000E+000
  -5.00000000000000        1.30000001788139      -1.300111430883711E-003
  -5.00000000000000      -0.799999988079070       0.000000000000000E+000
  -5.00000000000000        1.20000001192093      -1.200109732151234E-003
  -5.00000000000000      -0.899999994039535       0.000000000000000E+000
  -5.00000000000000        1.10000000596046      -1.100108033418757E-003
  -5.00000000000000       -1.00000000000000       0.000000000000000E+000
  -5.00000000000000        1.00000000000000      -1.000106334686279E-003
