 -0.110095462974484      -0.126209424597355     
 -0.109546065706451      -0.125061015698615     
 -0.108992131455392      -0.123907851298944     
 -0.108433712169825      -0.122749893256480     
 -0.107870870053950      -0.121587125490785     
 -0.107303677433164      -0.120419553890280     
 -0.106732216503213      -0.119247205925664     
 -0.106156578970777      -0.118070129989022     
 -0.105576865595180      -0.116888394483495     
 -0.104993185642625      -0.115702086692758     
 -0.104459804342167      -0.115108385171886     
 -0.103920761249145      -0.114508543663216     
 -0.103376112774957      -0.113902591339151     
 -0.102825922312571      -0.113290566738239     
 -0.102270259880533      -0.112672516317601     
 -0.101709201848124      -0.112048494342346     
 -0.101142830615677      -0.111418562693535     
 -0.100571234257436      -0.110782790604192     
 -9.999450613431465E-002 -0.110141254333135     
 -9.941274448383405E-002 -0.109494036786457     
 -9.881954139351501E-002 -0.108847442976745     
 -9.822111075491133E-002 -0.108194570618803     
 -9.761771087039227E-002 -0.107535635688084     
 -9.700960530302750E-002 -0.106870863155630     
 -9.639706211353866E-002 -0.106200486333199     
 -9.578035300645225E-002 -0.105524746062155     
 -9.515975244081232E-002 -0.104843889764735     
 -9.453553673108651E-002 -0.104158170406594     
 -9.390798316009334E-002 -0.103467845413525     
 -9.327736912186729E-002 -0.102773175578929     
 -9.267880749362267E-002 -0.102121611557037     
 -9.207348875911922E-002 -0.101461935888565     
 -9.146153206990035E-002 -0.100794195223688     
 -9.084306655247011E-002 -0.100118456332835     
 -9.021822917163355E-002 -9.943480149158307E-002
 -8.958716329165822E-002 -9.874332541949742E-002
 -8.895001752769115E-002 -9.804413300223556E-002
 -8.830694480146770E-002 -9.733733753307539E-002
 -8.765810154618266E-002 -9.662305930550644E-002
 -8.700364702519647E-002 -9.590142445078227E-002
 -8.634427650644465E-002 -9.518360416209663E-002
 -8.567176558280055E-002 -9.445921950361663E-002
 -8.498603065592700E-002 -9.372859278185922E-002
 -8.428700589488039E-002 -9.299209293323357E-002
 -8.357463869246363E-002 -9.225011037707126E-002
 -8.284888736549442E-002 -9.150304648856368E-002
 -8.210971972271436E-002 -9.075130853145433E-002
 -8.135711201227361E-002 -8.999530667114981E-002
 -8.059104807332618E-002 -8.923545185876550E-002
 -7.981151862673637E-002 -8.847215416480955E-002
 -7.909888846164256E-002 -8.772135465092389E-002
 -7.838441689837178E-002 -8.696619336131658E-002
 -7.766879191953788E-002 -8.620725147439186E-002
 -7.695266822527458E-002 -8.544511551796094E-002
 -7.623666707135705E-002 -8.468034758514956E-002
 -7.552137719223401E-002 -8.391348235946483E-002
 -7.480869222841952E-002 -8.311477914631535E-002
 -7.408900106990195E-002 -8.231028783098479E-002
 -7.336260879750474E-002 -8.150082996412003E-002
 -7.262984534509534E-002 -8.068719531817993E-002
 -7.197789729347144E-002 -7.982059144437033E-002
 -7.131458835758767E-002 -7.894850462442475E-002
 -7.064039639215001E-002 -7.807162972326626E-002
 -6.995580814424091E-002 -7.719070382552265E-002
 -6.926131159704921E-002 -7.630646996794239E-002
 -6.855739141820118E-002 -7.541966288321564E-002
 -6.784452623921436E-002 -7.453100071074971E-002
 -6.712318706403533E-002 -7.364118034647028E-002
 -6.639383635309951E-002 -7.275087500653828E-002
 -6.565692749943580E-002 -7.186073309636126E-002
 -6.488653279661961E-002 -7.103435139708540E-002
 -6.410790910697900E-002 -7.019299515361066E-002
 -6.332213079419385E-002 -6.933722456218705E-002
 -6.253025850746544E-002 -6.846773493674745E-002
 -6.173332340555480E-002 -6.758525870233519E-002
 -6.093232175147123E-002 -6.669052900679706E-002
 -6.012821342828727E-002 -6.578426685836404E-002
 -5.932192184886829E-002 -6.486717686214019E-002
 -5.850612879962656E-002 -6.395271993269493E-002
 -5.769167739598296E-002 -6.304860249452944E-002
 -5.694850296496606E-002 -6.221262084442997E-002
 -5.619127203802499E-002 -6.135630877148866E-002
 -5.542082557523056E-002 -6.048010733218514E-002
 -5.463798965756050E-002 -5.958460438330606E-002
 -5.384356980833641E-002 -5.867040107469620E-002
 -5.303835041997135E-002 -5.773809493092812E-002
 -5.222309474506039E-002 -5.678827757305809E-002
 -5.139854496589567E-002 -5.582153414100452E-002
 -5.056542228764182E-002 -5.483844290810376E-002
 -4.972442748820335E-002 -5.383957564351417E-002
 -4.889239234597589E-002 -5.290413607849524E-002
 -4.804968986126636E-002 -5.195858832441778E-002
 -4.720388814418099E-002 -5.102044943852024E-002
 -4.636266472178501E-002 -5.007842170104485E-002
 -4.552758995877340E-002 -4.913404079351615E-002
 -4.470010243353940E-002 -4.818872918531149E-002
 -4.388151497005102E-002 -4.724380880395446E-002
 -4.307302064406050E-002 -4.630050487376554E-002
 -4.227569874081788E-002 -4.535994971391835E-002
 -4.149052064343998E-002 -4.442318656585139E-002
 -4.065651912955823E-002 -4.361784198624517E-002
 -3.977407630905568E-002 -4.264729983703217E-002
 -3.887645410134129E-002 -4.166217949426956E-002
 -3.799351969261314E-002 -4.068975908562589E-002
 -3.712709137801351E-002 -3.973200765505502E-002
 -3.627871837034309E-002 -3.879061683890610E-002
 -3.544970569412498E-002 -3.786702585832882E-002
 -3.464113745868391E-002 -3.696244493864430E-002
 -3.385389855154909E-002 -3.607787718991826E-002
 -3.306948467524801E-002 -3.521037926946891E-002
 -3.226507044473580E-002 -3.437432627200827E-002
 -3.144029364616397E-002 -3.352135973649655E-002
 -3.059969219355892E-002 -3.265627456800640E-002
 -2.974723871750339E-002 -3.178324079683136E-002
 -2.888639937455788E-002 -3.090587098097990E-002
 -2.802018764245657E-002 -3.002728160714318E-002
 -2.715394683158746E-002 -2.915395088470330E-002
 -2.631013601731772E-002 -2.831014007043356E-002
 -2.549844301992182E-002 -2.749844707303766E-002
 -2.472592374466846E-002 -2.672592779778431E-002
 -2.399724875646926E-002 -2.599725183006957E-002
 -2.320888487552554E-002 -2.520888792512891E-002
 -2.237203380455519E-002 -2.437203777550899E-002
 -2.150089870574674E-002 -2.350089878580547E-002
 -2.061982746289404E-002 -2.261982491103572E-002
 -1.974834721132357E-002 -2.174834337754879E-002
 -1.890136025404295E-002 -2.090135650178884E-002
 -1.810295570943078E-002 -2.010295380207646E-002
 -1.738374079534363E-002 -1.938374186822262E-002
 -1.674257501895638E-002 -1.874257907206867E-002
 -1.617455093095460E-002 -1.817455498407044E-002
 -1.549076881552234E-002 -1.749077286863818E-002
 -1.469349116141960E-002 -1.669349386400684E-002
 -1.379677537603580E-002 -1.579677337628623E-002
 -1.286111171902155E-002 -1.486110263101835E-002
 -1.198593761135654E-002 -1.398592924341797E-002
 -1.121678744307615E-002 -1.321678534110146E-002
 -1.055819456770938E-002 -1.255819862082522E-002
 -1.003393100235693E-002 -1.203393505547278E-002
 -9.604109668395658E-003 -1.160411372151150E-002
 -9.240601337929515E-003 -1.124060539104536E-002
 -8.547626500592924E-003 -1.054763055370877E-002
 -7.629939050854266E-003 -9.629943103970112E-003
 -6.702060646602755E-003 -8.702064699718600E-003
 -5.625767513578437E-003 -7.625765831794943E-003
 -4.401589833886397E-003 -6.401583938178043E-003
 -4.301320319888769E-003 -6.301313963995153E-003
 -4.201227498053611E-003 -6.201207709313677E-003
 -4.101217673192693E-003 -6.101196170112072E-003
 -4.001205678972657E-003 -6.001181667085895E-003
 -3.901190402805154E-003 -5.901170072169010E-003
 -3.801137813841017E-003 -5.801123102226362E-003
 -3.701087606181001E-003 -5.701077667093725E-003
 -3.601039617909219E-003 -5.601033662822401E-003
 -3.500993700208662E-003 -5.500990993468582E-003
 -3.400949717276279E-003 -5.400949571478677E-003
 -3.300907544930872E-003 -5.300909316791827E-003
 -3.200867069395915E-003 -5.200870156055167E-003
 -3.100828186232196E-003 -5.100832021935696E-003
 -3.000791071126942E-003 -5.000797795450094E-003
 -2.900761708955027E-003 -4.900782875120482E-003
 -2.800723052787171E-003 -4.800759357579463E-003
 -2.700681730403345E-003 -4.700729909191932E-003
 -2.600637465850326E-003 -4.600693915715148E-003
 -2.500589943454820E-003 -4.500650674908297E-003
 -2.400538800709320E-003 -4.400599380344017E-003
 -2.300483619251997E-003 -4.300539101342384E-003
 -2.200423913678350E-003 -4.200468758081493E-003
 -2.100360032327841E-003 -4.100388473314009E-003
 -2.000338187286419E-003 -4.000365912954617E-003
 -1.900318596541031E-003 -3.900360599884395E-003
 -1.800299534281454E-003 -3.800352116392752E-003
 -1.700276575059340E-003 -3.700339273540843E-003
 -1.600248048712810E-003 -3.600320203036577E-003
 -1.500211171700892E-003 -3.500291791073749E-003
 -1.400160933675147E-003 -3.400248432826482E-003
 -1.300153002433946E-003 -3.300228852060457E-003
 -1.200146775292187E-003 -3.200209271933482E-003
 -1.100141612520700E-003 -3.100189691806506E-003
 -1.000137159329237E-003 -3.000170111679530E-003
 -9.001201982074181E-004 -2.900166787346774E-003
 -8.001039595533826E-004 -2.800163101793478E-003
 -7.000878112104019E-004 -2.700158919535284E-003
 -6.000717918823343E-004 -2.600154027698808E-003
 -5.000559660766911E-004 -2.500148071495349E-003
 -4.000426173298928E-004 -2.400142037872404E-003
 -3.000319779001660E-004 -2.300137358907510E-003
 -2.000213384704394E-004 -2.200132679942616E-003
 -1.000106990407130E-004 -2.100128000977722E-003
 -5.961098636968506E-011 -2.000123322012829E-003
  0.000000000000000E+000 -1.900121623278575E-003
  0.000000000000000E+000 -1.800119924546098E-003
  0.000000000000000E+000 -1.700118225813621E-003
  0.000000000000000E+000 -1.600116527081143E-003
  0.000000000000000E+000 -1.500114828348666E-003
  0.000000000000000E+000 -1.400113129616189E-003
  0.000000000000000E+000 -1.300111430883711E-003
  0.000000000000000E+000 -1.200109732151234E-003
  0.000000000000000E+000 -1.100108033418757E-003
  0.000000000000000E+000 -1.000106334686279E-003
