  -1.99000000000000        19.9000000238419       5.556537120181303E-002
  -1.98000000000000        19.8000000476837       5.541052153176803E-002
  -1.97000000000000        19.7000000715256       5.524339219347176E-002
  -1.96000000000000        19.6000000953674       5.506221980114466E-002
  -1.95000000000000        19.5000001192093       5.486500605033218E-002
  -1.94000000000000        19.4000001430511       5.464946895117397E-002
  -1.93000000000000        19.3000001668930       5.441298056752499E-002
  -1.92000000000000        19.2000001907348       5.415248702253064E-002
  -1.91000000000000        19.1000002145767       5.386440493158448E-002
  -1.90000000000000        19.0000002384185       5.354448610166660E-002
  -1.89000000000000        18.9000002622604       5.324289145449662E-002
  -1.88000000000000        18.8000002861022       5.293889944873866E-002
  -1.87000000000000        18.7000003099441       5.263238027243020E-002
  -1.86000000000000        18.6000003337859       5.232320965351184E-002
  -1.85000000000000        18.5000003576278       5.201126978488664E-002
  -1.84000000000000        18.4000003814696       5.169645014572051E-002
  -1.83000000000000        18.3000004053115       5.137864813966408E-002
  -1.82000000000000        18.2000004291533       5.105776956065883E-002
  -1.81000000000000        18.1000004529952       5.073372889823839E-002
  -1.80000000000000        18.0000004768370       5.040644949528191E-002
  -1.79000000000000        17.9000005006789       5.013949596196344E-002
  -1.78000000000000        17.8000005245207       4.986728743017019E-002
  -1.77000000000000        17.7000005483626       4.958961226537611E-002
  -1.76000000000000        17.6000005722045       4.930627750748016E-002
  -1.75000000000000        17.5000005960463       4.901710941171259E-002
  -1.74000000000000        17.4000006198882       4.872195366229264E-002
  -1.73000000000000        17.3000006437300       4.842067507522726E-002
  -1.72000000000000        17.2000006675719       4.811315690646666E-002
  -1.71000000000000        17.1000006914137       4.779929987091711E-002
  -1.70000000000000        17.0000007152556       4.747902096542843E-002
  -1.69000000000000        16.9000007390974       4.721401187452906E-002
  -1.68000000000000        16.8000007629393       4.694223005125901E-002
  -1.67000000000000        16.7000007867811       4.666331298756644E-002
  -1.66000000000000        16.6000008106230       4.637694890180112E-002
  -1.65000000000000        16.5000008344648       4.608286434647742E-002
  -1.64000000000000        16.4000008583067       4.578081609667114E-002
  -1.63000000000000        16.3000008821485       4.547058550347248E-002
  -1.62000000000000        16.2000009059904       4.515197442308364E-002
  -1.61000000000000        16.1000009298322       4.482480215542608E-002
  -1.60000000000000        16.0000009536741       4.448890303837527E-002
  -1.59000000000000        15.9000008583077       4.419665408421508E-002
  -1.58000000000000        15.8000007629402       4.393728531727813E-002
  -1.57000000000000        15.7000006675727       4.371282626258598E-002
  -1.56000000000000        15.6000005722051       4.352545075768010E-002
  -1.55000000000000        15.5000004768376       4.337737393599591E-002
  -1.54000000000000        15.4000003814701       4.327081109019418E-002
  -1.53000000000000        15.3000002861026       4.320795949607036E-002
  -1.52000000000000        15.2000001907350       4.319098874068227E-002
  -1.51000000000000        15.1000000953675       4.322203438460064E-002
  -1.50000000000000        15.0000000000000       4.330319317679460E-002
  -1.49000000000000        14.9000000238419       4.311234379488693E-002
  -1.48000000000000        14.8000000476837       4.290889254500244E-002
  -1.47000000000000        14.7000000715256       4.269230540825083E-002
  -1.46000000000000        14.6000000953674       4.246224152532790E-002
  -1.45000000000000        14.5000001192093       4.221840508537856E-002
  -1.44000000000000        14.4000001430511       4.196052583615771E-002
  -1.43000000000000        14.3000001668930       4.153043211407668E-002
  -1.42000000000000        14.2000001907348       4.110642890515072E-002
  -1.41000000000000        14.1000002145767       4.069109855694627E-002
  -1.40000000000000        14.0000002384185       4.028674026032131E-002
  -1.39000000000000        13.9000002622604       3.921346140527669E-002
  -1.38000000000000        13.8000002861022       3.816957223385024E-002
  -1.37000000000000        13.7000003099441       3.715615779686286E-002
  -1.36000000000000        13.6000003337859       3.617446978174304E-002
  -1.35000000000000        13.5000003576278       3.522578345598470E-002
  -1.34000000000000        13.4000003814696       3.431134914460919E-002
  -1.33000000000000        13.3000004053115       3.343236438677994E-002
  -1.32000000000000        13.2000004291533       3.258995864212312E-002
  -1.31000000000000        13.1000004529952       3.178518568901505E-002
  -1.30000000000000        13.0000004768370       3.101902058911649E-002
  -1.29000000000000        12.9000005006789       3.073908750574261E-002
  -1.28000000000000        12.8000005245207       3.042542660615530E-002
  -1.27000000000000        12.7000005483626       3.007546704731861E-002
  -1.26000000000000        12.6000005722045       2.968738214639994E-002
  -1.25000000000000        12.5000005960463       2.925967822790423E-002
  -1.24000000000000        12.4000006198882       2.879103970877789E-002
  -1.23000000000000        12.3000006437300       2.828027220727976E-002
  -1.22000000000000        12.2000006675719       2.772628167680916E-002
  -1.21000000000000        12.1000006914137       2.723296378138627E-002
  -1.20000000000000        12.0000007152556       2.678463507165295E-002
  -1.19000000000000        11.9000006198889       2.632059881029917E-002
  -1.18000000000000        11.8000005245214       2.582519290312701E-002
  -1.17000000000000        11.7000004291539       2.529641783147686E-002
  -1.16000000000000        11.6000003337863       2.473308247396735E-002
  -1.15000000000000        11.5000002384188       2.413416496284890E-002
  -1.14000000000000        11.4000001430513       2.349873095858491E-002
  -1.13000000000000        11.3000000476838       2.282592230317440E-002
  -1.12000000000000        11.1999999523162       2.211495378446805E-002
  -1.11000000000000        11.0999998569487       2.136511074306872E-002
  -1.10000000000000        11.0000000000000       2.057574813501505E-002
  -1.09000000000000        10.8999997854233       2.005872464055991E-002
  -1.08000000000000        10.7999998092652       1.954449697552608E-002
  -1.07000000000000        10.6999998331070       1.908280988396666E-002
  -1.06000000000000        10.5999998569489       1.857878711106159E-002
  -1.05000000000000        10.4999998807907       1.803225524851864E-002
  -1.04000000000000        10.3999999046326       1.744313375885950E-002
  -1.03000000000000        10.2999999284744       1.681146816747486E-002
  -1.02000000000000        10.1999999523163       1.613741922479444E-002
  -1.01000000000000        10.0999999761581       1.542125210796738E-002
  -1.00000000000000        10.0000000000000       1.466332611604768E-002
 -0.990000000000000        9.90000002384185       1.480661075326360E-002
 -0.980000000000000        9.80000004768370       1.436611421473395E-002
 -0.970000000000000        9.70000007152556       1.392862364379872E-002
 -0.960000000000000        9.60000009536741       1.348119375089669E-002
 -0.950000000000000        9.50000011920926       1.302457827990612E-002
 -0.940000000000000        9.40000014305111       1.255948934839943E-002
 -0.930000000000000        9.30000016689297       1.208659793934969E-002
 -0.920000000000000        9.20000019073482       1.160653463258847E-002
 -0.910000000000000        9.10000021457667       1.111989054065735E-002
 -0.900000000000000        9.00000023841852       1.070447041895987E-002
 -0.890000000000000        8.90000026226037       1.054627693623671E-002
 -0.880000000000000        8.80000028610223       1.040532859104428E-002
 -0.870000000000000        8.70000030994408       1.028291033996339E-002
 -0.860000000000000        8.60000033378593       1.018000918308721E-002
 -0.850000000000000        8.50000035762778       1.009735712933497E-002
 -0.840000000000000        8.40000038146963       1.003546922527131E-002
 -0.830000000000000        8.30000040531149       1.000001996755417E-002
 -0.820000000000000        8.20000042915334       1.000002026557793E-002
 -0.810000000000000        8.10000045299519       1.000002056360171E-002
 -0.800000000000000        8.00000047683704       1.000002086162549E-002
 -0.790000000000000        7.90000044107453       1.000001596404897E-002
 -0.780000000000000        7.80000040531173       1.000001584406428E-002
 -0.770000000000000        7.70000036954893       1.000002045081666E-002
 -0.760000000000000        7.60000033378613       1.000000099634013E-002
 -0.750000000000000        7.50000029802333       9.999987836754105E-003
 -0.740000000000000        7.40000026226053       9.999981427171454E-003
 -0.730000000000000        7.30000022649773       9.999981834774822E-003
 -0.720000000000000        7.20000019073493       9.999991059274342E-003
 -0.710000000000000        7.10000015497213       1.000000596044175E-002
 -0.700000000000000        7.00000011920933       1.000002086160915E-002
 -0.690000000000000        6.90000014305111       1.000002086162690E-002
 -0.680000000000000        6.80000016689297       1.000002086162691E-002
 -0.670000000000000        6.70000019073482       1.000001410898348E-002
 -0.660000000000000        6.60000021457667       9.999990597298052E-003
 -0.650000000000000        6.50000023841852       9.999955156027781E-003
 -0.640000000000000        6.40000026226037       9.999958756351126E-003
 -0.630000000000000        6.30000028610223       9.999990086172382E-003
 -0.620000000000000        6.20000030994408       1.000002086162691E-002
 -0.610000000000000        6.10000033378593       1.000002086162691E-002
 -0.600000000000000        6.00000035762778       1.000002086162691E-002
 -0.590000000000000        5.90000032186520       1.000002086162691E-002
 -0.580000000000000        5.80000028610240       1.000002086162691E-002
 -0.570000000000000        5.70000025033960       1.000002086162692E-002
 -0.560000000000000        5.60000021457680       1.000002086162691E-002
 -0.550000000000000        5.50000017881400       9.999992187128512E-003
 -0.540000000000000        5.40000014305120       9.999971117502960E-003
 -0.530000000000000        5.30000010728840       9.999968816576511E-003
 -0.520000000000000        5.20000007152560       9.999901652340919E-003
 -0.510000000000000        5.10000003576280       9.999893080636967E-003
 -0.500000000000000        5.00000000000000       9.999880536605513E-003
 -0.490000000000000        4.90000002384185       9.999898793849629E-003
 -0.480000000000000        4.80000004768370       9.999926739947840E-003
 -0.470000000000000        4.70000007152556       9.999950453574600E-003
 -0.460000000000000        4.60000009536741       9.999970224566052E-003
 -0.450000000000000        4.50000011920926       9.999986317288368E-003
 -0.440000000000000        4.40000014305111       9.999998972989014E-003
 -0.430000000000000        4.30000016689297       1.000000841226981E-002
 -0.420000000000000        4.20000019073482       1.000001483724921E-002
 -0.410000000000000        4.10000021457667       1.000001843345839E-002
 -0.400000000000000        4.00000023841852       1.000003272754352E-002
 -0.390000000000000        3.90000023245813       1.000010508576103E-002
 -0.380000000000000        3.80000022649766       1.000018092790389E-002
 -0.370000000000000        3.70000022053720       1.000024044689702E-002
 -0.360000000000000        3.60000021457673       1.000028195129216E-002
 -0.350000000000000        3.50000020861627       1.000030350825094E-002
 -0.340000000000000        3.40000020265580       1.000030289817319E-002
 -0.330000000000000        3.30000019669534       1.000027755946739E-002
 -0.320000000000000        3.20000019073487       1.000022452004535E-002
 -0.310000000000000        3.10000018477441       1.000014265197178E-002
 -0.300000000000000        3.00000017881394       1.000013922439547E-002
 -0.290000000000000        2.90000017285348       1.000021061277582E-002
 -0.280000000000000        2.80000016689302       1.000026350661864E-002
 -0.270000000000000        2.70000016093255       1.000031408847269E-002
 -0.260000000000000        2.60000015497209       1.000036136768682E-002
 -0.250000000000000        2.50000014901162       1.000040369293479E-002
 -0.240000000000000        2.40000014305116       1.000043809182923E-002
 -0.230000000000000        2.30000013709069       1.000037984420165E-002
 -0.220000000000000        2.20000013113023       1.000031307927158E-002
 -0.210000000000000        2.10000012516976       1.000024099248984E-002
 -0.200000000000000        2.00000011920930       1.000016535780777E-002
 -0.190000000000000        1.90000011324883       1.000023354175715E-002
 -0.180000000000000        1.80000010728837       1.000029630726458E-002
 -0.170000000000000        1.70000010132790       1.000035613769208E-002
 -0.160000000000000        1.60000009536744       1.000041177515336E-002
 -0.150000000000000        1.50000008940697       1.000046112316723E-002
 -0.140000000000000        1.40000008344651       1.000049769878867E-002
 -0.130000000000000        1.30000007748604       1.000052750111461E-002
 -0.120000000000000        1.20000007152558       1.000055730344055E-002
 -0.110000000000000        1.10000006556511       1.000058710576649E-002
 -0.100000000000000        1.00000005960465       1.000061690809243E-002
 -9.000000000000000E-002  0.900000053644183       9.500608647280775E-003
 -8.000000000000000E-002  0.800000047683719       9.000600092148382E-003
 -7.000000000000001E-002  0.700000041723254       8.500591540741342E-003
 -6.000000000000000E-002  0.600000035762789       8.000582993059656E-003
 -5.000000000000000E-002  0.500000029802324       7.500574449103328E-003
 -4.000000000000000E-002  0.400000023841859       7.000565908872352E-003
 -3.000000000000000E-002  0.300000017881394       6.500557372366730E-003
 -2.000000000000000E-002  0.200000011920930       6.000548839586464E-003
 -1.000000000000000E-002  0.100000005960465       5.500540310531551E-003
  0.000000000000000E+000  0.000000000000000E+000  5.000531785201992E-003
